237.93333020
237.93333020
146.19184665
114.53985943
98.88706311
55.15777065
45.21096557
45.21096557
45.35958646
45.35958646
45.35958646
45.35958646
33.31046855
33.31046855
33.31046855
30.68077644
30.68077644
30.68077644
30.68077644
17.32767102
17.32767102
17.32767102
17.32767102
17.29049333
15.51103321
19.82612627
19.82612627
19.82612627
19.82612627
15.59302125
15.59302125
15.59302125
14.59375404
14.59375404
14.59375404
14.59375404
14.59375404
15.17614915
15.17614915
14.53318694
14.53318694
14.32016034
14.01609358
13.91430089
13.91430089
13.33787981
13.33787981
13.33787981
13.33787981
13.18650788
12.75703977
12.75703977
12.75703977
12.75703977
12.75703977
12.57539770
12.57539770
12.57539770
12.57539770
12.57539770
12.57539770
12.57539770
12.57539770
12.57539770
12.57539770
12.54422962
12.54422962
12.54422962
12.54422962
12.54422962
12.54422962
12.54422962
12.46333870
12.45509779
12.45509779
12.47516757
12.47516757
12.47516757
12.45459799
12.45549940
12.45549940
12.45549940
12.45549940
12.40557020
12.40557020
12.40557020
12.40243850
12.40243850
12.40243850
12.40243850
12.40243850
12.40243850
12.40243850
12.40243850
12.40243850
12.40243850
12.40243850
12.40378515
12.39077180
12.39077180
12.39061536
12.39061536
12.39061536
12.39077180
12.39113110
12.38924596
12.38643970
12.38643970
12.38643970
12.38643970
12.38643970
12.38719978
12.38719978
12.38719978
12.38526515
12.38526515
12.38495695
12.38218124
12.38218124
12.38218124
12.38218124
12.38218124
12.38128373
12.38128373
12.38128373
12.38152208
12.38124648
12.38124648
12.38124648
12.38122964
12.38122964
12.38122964
12.38122964
12.38122964
12.38062079
12.38062079
12.38062079
12.38062079
12.38062079
12.38062079
12.38062079
12.38062079
12.38062079
12.38062079
12.38062079
12.38062079
12.38030811
12.38030811
12.38032640
12.38032640
12.38032640
12.38032640
12.38032640
12.38032640
12.38015036
12.38015036
12.38015036
12.38118004
12.31276723
12.31276723
12.34042180
12.34042180
12.30947956
12.30947956
12.30947956
12.30947956
12.30947956
12.30947956
12.30947956
12.30817303
12.30947956
12.30947956
12.30947956
12.30947956
12.30947956
12.30947956
12.30947956
12.30947956
12.30947956
12.30947956
12.30947956
12.30812506
12.30812506
12.30799611
12.30799611
12.30629087
12.30629087
12.30473194
12.30473194
12.30473194
12.30409309
12.30391220
12.30391220
12.30391220
12.30391220
12.30355426
12.30355426
12.30355426
12.30355426
12.30355426
12.30284159
12.30284159
12.30235261
12.30199187
12.30199187
12.30199187
12.30208570
12.30191934
12.30151647
12.30151647
12.30151647
12.30151647
12.30151647
12.30151647
12.30151647
12.30151647
12.30151647
12.30151647
12.30151647
12.30142363
12.30142363
12.30095251
12.30095251
12.30095251
12.30095251
12.30095251
12.30095251
12.30095251
12.30095251
12.30095251
12.30095251
12.30095251
12.30095251
12.30095251
12.30095251
12.30095251
12.30095251
12.30095251
12.30095251
12.30095251
12.30095251
12.30095251
12.30127155
12.30127155
12.30127155
12.30127155
12.29824584
12.29787566
12.29787566
12.29787566
12.29787566
12.29666809
12.29666809
12.29666809
12.29677341
12.29646616
12.29646616
12.29646616
12.29647032
12.29647032
12.29647032
12.29647032
12.29647032
12.29647032
12.29647032
12.29647032
12.29647032
12.29647032
12.29647032
12.29647032
12.29647032
12.29647032
12.29647032
12.29647032
12.29647032
12.29647032
12.29647032
12.29971772
12.29971772
12.29971772
12.29971772
12.29971772
12.29971772
12.29971772
12.29971772
12.29971772
12.29971772
12.29971772
12.29971772
12.29971772
12.29971772
12.29351215
12.29971772
12.29895721
12.29006423
12.29006423
12.29006423
12.29006423
12.28942923
12.28784721
12.28688490
12.28627948
12.28627948
12.28514548
12.28514548
12.28514548
12.28440245
12.28440245
12.28440245
12.28385982
12.28342369
12.28296229
12.28296229
12.28342369
12.28315545
12.28315545
12.28315545
12.28315545
12.28315545
12.28315545
12.28309686
12.28277702
12.28277702
12.28243037
12.28243037
12.28243037
12.28243037
12.28220491
12.28198218
12.28195146
12.28189547
12.28189547
12.28189547
12.28189547
12.28189547
12.28189547
12.28189547
12.28189547
12.28189547
12.28189547
12.28189547
12.28189547
12.28189547
12.28188317
12.28176323
12.28171723
12.28171723
12.28171723
12.28171723
12.28171723
12.28171723
12.28173040
12.28173040
12.28173040
12.28175216
12.28171752
12.28171752
12.28165121
12.28165121
12.28160317
12.28160317
12.28160317
12.28160317
12.28159141
12.28159141
12.28159141
12.28159141
12.28154140
12.28154009
12.28154009
12.28153453
12.28153453
12.28153453
12.28153453
12.28154009
12.28154009
12.28154009
12.28154009
12.28154009
12.28154009
12.28154009
12.28154185
12.28154185
12.28154185
12.28154185
12.28154185
12.28154185
12.28154185
12.28154185
12.28154185
12.28154185
12.28154185
12.28154185
12.28154185
12.28154185
12.28154185
12.28145915
12.28145915
12.28145915
12.28145915
12.28145915
12.28145915
12.28145915
12.28145915
12.28145915
12.28145915
12.28145915
12.28145915
12.28145915
12.28145915
12.28145915
12.28145915
12.28145915
12.28145915
12.28145915
12.28145915
12.28145915
12.28145915
12.28145915
12.28145915
12.28145915
12.28145915
12.28145915
12.28145915
12.28145915
12.28145915
12.28145915
12.28145915
12.28147506
12.28145904
12.28145904
12.28145904
12.28146597
12.28146597
12.28141967
12.28141967
12.28141967
12.28139370
12.28139323
12.28139323
12.28139323
12.28139323
12.28139323
12.28139323
12.28139323
12.28139323
12.28139323
12.23912228
12.18002696
12.18002696
12.18002696
12.17938043
12.17913766
12.17913766
12.17913766
12.17913766
12.17913766
12.17912610
12.17912610
12.17912610
12.17912610
12.17911940
12.17911940
12.17405192
12.17405192
12.17405192
12.17405192
12.17103963
12.17103963
12.17103963
12.17103963
12.17103963
12.17103963
12.17103963
12.17094070
12.17094070
12.17094070
12.17094070
12.17094070
12.17094070
12.17094070
12.17094070
12.17094070
12.17094070
12.17094070
12.17094070
12.17094070
12.17094070
12.17093956
12.17093956
12.17093956
12.17086849
12.17086849
12.17086849
12.17086847
12.17086847
12.17086847
12.17086847
12.17086847
12.17086847
12.17086847
12.17086848
12.17086848
12.17086848
12.17086848
12.17086848
12.17086848
12.17086848
12.17086848
12.17086848
12.17086848
12.17086848
12.17086848
12.17077009
12.17075948
12.17075948
12.17075948
12.17076047
12.17076047
12.17076047
12.17076047
12.17076009
12.17076009
12.17076009
12.17076977
12.17076192
12.17076192
12.16370828
12.16370828
12.16370828
12.16139341
12.16139341
12.16139341
12.15545112
12.15545112
12.15545112
12.15497578
12.15497578
12.15497578
12.15442434
12.15442434
12.14779141
12.14779141
12.14779141
12.14496939
12.14496939
12.14353415
12.14353415
12.14353415
12.14353415
12.14353415
12.14353415
12.14353415
12.14353415
12.14353415
12.14382796
12.14382796
12.14382796
12.14382796
12.14382796
12.14382796
12.13818033
12.13818033
12.13818033
12.13818035
12.13818035
12.14382796
12.14382796
12.14382796
12.14467063
12.14467063
12.14440718
12.14440718
12.14440718
12.14440718
12.14440718
12.14440718
12.14440718
12.14440718
12.14440718
12.14440718
12.14467063
12.14467063
12.14467063
12.14467063
12.14467063
12.14467063
12.14467063
12.14467063
12.14467063
12.14618071
12.14618071
12.13920711
12.13920711
12.13920711
12.13742598
12.13742598
12.13787310
12.13787310
12.13787310
12.13787310
12.13708324
12.13522904
12.13321713
12.12381793
12.12381793
12.12381793
12.11105246
12.11105246
12.11105246
12.11105246
12.11105246
12.10676941
12.09448419
12.09448419
12.09495779
12.09495779
12.09463942
12.09463942
12.09463942
12.09463942
12.09423655
12.09423655
12.09423655
12.09423655
12.09423655
12.09423655
12.09423655
12.08436326
12.08436326
12.08436326
12.08436326
12.08338486
12.08338486
12.08061300
12.08061300
12.08061300
12.08061300
12.07652823
12.07446172
12.07446172
12.07446172
12.07446172
12.07446172
12.07446172
12.07446172
12.07446172
12.07597901
12.07315432
12.07315432
12.07315432
12.07315432
12.07315432
12.07752444
12.07634790
12.07279846
12.07279846
12.07346713
12.07346713
12.07346713
12.07346713
12.07331593
12.07315380
12.07226662
12.07182475
12.07182475
12.07182475
12.07182475
12.07182475
12.07157911
12.07157911
12.07124574
12.07124574
12.07050050
12.07050050
12.07050050
12.06984347
12.06984347
12.06984347
12.06984347
12.06984347
12.07002709
12.07002001
12.07002001
12.07002001
12.07002001
12.07002001
12.06997623
12.06997623
12.06993588
12.06993588
12.06993588
12.06993588
12.06993588
12.06993588
12.06993588
12.06976515
12.06976515
12.06976515
12.06973162
12.06973162
12.06973162
12.06973162
12.06973162
12.06973162
12.06973162
12.06973162
12.06973162
12.06973162
12.06973162
12.06973162
12.06989332
12.06989332
12.06989332
12.06989332
12.06989332
12.06988974
12.06988974
12.06988974
12.06974303
12.06974303
12.06974303
12.04499490
12.04499490
12.04499490
12.04499490
12.04499490
12.04003697
12.04003697
12.03783038
12.03783038
12.03469025
12.03469025
12.03469025
12.03324322
12.03345695
12.03067166
12.03067166
12.03067166
12.02848098
12.02836233
12.02836233
12.02965561
12.02765843
12.02659538
12.02659538
12.02621002
12.02621002
12.02621002
12.02621002
12.02621002
12.02621002
12.02615478
12.02614892
12.02378892
12.02378892
12.02374072
12.02365971
12.02357797
12.02357797
12.02357797
12.02365971
12.02227755
12.02214408
12.02214408
12.02192462
12.02192462
12.02193205
12.02200457
12.02200457
12.02200457
12.02200457
12.02197393
12.02197393
12.02197393
12.02197393
12.02197393
12.02197393
12.02187031
12.02187031
12.02187031
12.02187031
12.02187031
12.02187031
12.02187031
12.02187031
12.02187031
12.02187031
12.02178034
12.02177078
12.02149291
12.02149291
12.02149291
12.02187541
12.02187541
12.02187541
12.02190299
12.02190299
12.02190299
12.01670807
12.01831879
12.01831879
12.01553904
12.01553904
12.01539244
12.01134161
12.00789956
12.00789956
12.00744698
12.00744698
12.00722196
12.00722196
12.00654152
12.00654152
12.00654152
12.00635537
12.00559663
12.00559663
12.00559663
12.00559663
12.00559663
12.00559663
12.00535815
12.00533827
12.00533827
12.00533827
12.00533485
12.00533485
12.00533485
12.00489962
12.00489962
12.00489962
12.00489962
12.00489962
12.00489962
12.00477105
12.00477105
12.00477105
12.00466712
12.00466712
12.00466712
12.00466712
12.00466712
12.00465594
12.00465594
12.00465594
12.00465594
12.00466712
12.00466712
12.00471803
12.00471803
12.00471803
12.00471803
12.00471803
12.00475813
12.00475813
12.00475813
12.00475813
12.00460350
12.00461371
12.00461371
12.00459944
12.00459944
12.00459944
12.00459944
12.00459944
12.00459944
12.00459944
12.00459944
12.00459944
12.00459944
12.00459944
12.00459944
12.00459944
12.00459944
12.00459944
12.00459944
12.00459944
12.00459944
12.00459944
12.00460562
12.00460562
12.00460562
12.00458969
12.00458969
12.00458969
12.00458969
12.00457585
12.00452673
12.00452673
12.00449295
12.00449295
12.00449295
12.00450494
12.00450494
12.00450494
12.00450494
12.00450494
12.00450234
12.00450234
12.00450234
12.00450234
12.00450234
12.00450234
12.00450234
12.00450234
12.00450234
12.00450234
12.00450234
12.00450234
12.00450234
12.00450234
12.00450234
12.00450234
12.00450234
12.00450367
12.00450367
12.00450367
12.00450367
12.00450367
12.00451553
12.00451553
12.00453151
12.00453151
12.00453151
12.00453151
12.00453151
12.00452234
12.00453151
12.00453151
12.00453151
12.00451233
12.00451233
12.00451233
12.00451233
12.00451233
12.00451233
12.00451233
12.00399057
12.00399057
12.00399057
12.00399057
12.00359369
12.00366758
12.00366758
12.00366758
12.00350743
12.00350743
12.00350743
12.00350743
12.00350743
12.00350743
12.00350743
12.00350743
12.00347896
12.00343165
12.00343194
12.00343194
12.00322206
12.00337769
12.00337769
12.00337769
12.00337769
12.00315569
12.00315569
12.00291299
12.00291299
12.00291299
12.00289255
12.00260617
12.00260617
12.00255333
12.00255333
12.00223474
12.00223474
12.00223474
12.00223474
12.00220510
12.00220510
12.00220510
12.00243024
12.00243024
12.00243024
12.00243024
12.00243024
12.00243024
12.00243024
12.00243024
12.00243024
12.00232666
12.00232666
12.00232666
12.00232666
12.00232666
12.00232666
12.00232666
12.00232666
12.00282784
12.00282784
122.51196590
121.03433732
118.81218658
118.81218658
107.59255900
107.59255900
106.04813458
101.14632058
99.59875384
96.94578217
87.66372568
48.54528796
47.57163546
46.92485827
43.76679531
43.76679531
43.76679531
38.92386169
36.92884577
31.60207410
31.60207410
31.60207410
28.93881384
29.50929557
29.50929557
29.50929557
29.50929557
29.72785260
28.43881415
28.43881415
28.43881415
28.43881415
28.43881415
28.43881415
28.43881415
28.43881415
28.43881415
28.43881415
28.43881415
28.43881415
28.43881415
28.43881415
28.43881415
28.43881415
28.43881415
28.43881415
28.43881415
28.43881415
28.43881415
28.56707286
28.38686601
28.38686601
28.19831329
28.19831329
28.19831329
28.19831329
28.19831329
28.19831329
28.19831329
28.19831329
28.19831329
28.19831329
28.16114825
28.16114825
28.16114825
28.16114825
28.17087503
28.17087503
28.17087503
28.15972869
28.15972869
28.15972869
28.16115767
28.15131870
28.14407977
28.14407977
28.14407977
28.14407977
28.14407977
28.14407977
28.14295805
28.14224203
28.14224203
28.14130755
28.14130755
28.14130755
28.14159531
28.14159531
28.14159531
28.13990479
28.13990479
28.13990479
28.13990479
28.13956079
28.13861984
28.13861984
28.13832560
28.13598117
28.13598117
28.13739783
28.13739783
28.13750750
28.13694790
28.13750750
28.13627055
28.13627055
28.13396206
28.12645124
28.12727040
28.12761940
28.12581452
28.12581452
28.12460957
28.12460957
28.12490927
28.12490927
28.12490927
28.12525833
28.12525833
28.12471100
28.12471100
28.12471100
28.12471100
28.12413481
28.12413481
28.12413481
28.12369445
28.12345796
28.12323884
28.12319084
28.12319084
28.12319084
28.12319084
28.12319084
28.12319084
28.12319084
28.12319084
28.12319084
28.12319084
28.12319084
28.12319084
28.12309993
28.12309993
28.12309993
28.12309993
28.12308141
28.12305808
28.12298585
28.12298585
28.12298585
28.12298585
28.12298585
28.12298585
28.12298585
28.12298585
28.12297969
28.12297832
28.12297832
28.12297832
28.12293748
28.12281107
28.12258676
28.12258676
28.12258676
28.12258676
28.12258676
28.12296045
28.12297832
28.12297832
28.12297832
28.12297832
28.12298336
28.12298336
28.12298336
28.12298336
28.12298336
28.12299611
28.12298947
28.12299611
28.12299611
28.12299611
28.12299611
28.12299640
28.12300887
28.12300887
28.12283288
28.12283288
28.12253055
28.12237955
28.12237955
28.12237955
28.12237889
28.12227992
28.12225304
28.12225304
28.12225304
28.12225304
28.12225304
28.12225082
28.12225082
28.12224967
28.12225082
28.12224947
28.12224947
28.12224947
28.12224947
28.12224947
28.12224897
28.12224887
28.12224897
28.12224897
28.12224947
28.12224947
28.12224947
28.12224947
28.12225299
28.12225299
28.12225299
28.12225251
28.12225251
28.12225251
28.12225251
28.12225251
28.12225251
28.12225251
28.12225251
28.12225251
28.12225251
28.12225251
28.12225251
28.12225251
28.12225251
28.12225251
28.12225278
28.12225278
28.12225278
28.12225278
28.12225278
28.12225498
28.12225498
28.12225498
28.12226336
28.12226336
28.12226336
28.12226336
28.12226336
28.12226336
28.12226336
28.12239214
28.12239214
28.12239214
28.12239214
28.12239214
28.12239214
28.12239214
28.12239214
28.12239214
28.12239214
28.12239214
28.12239214
28.12239214
28.12239214
28.12239214
28.12239214
28.12296037
28.12296037
28.12296037
28.12306388
28.12242653
28.12242653
28.12242653
28.12242653
28.12242653
28.12242653
28.12242653
28.12242653
28.12242653
28.12242653
28.12242653
28.12242653
28.12242653
28.12242653
28.12242653
28.12242653
28.12242653
28.12242653
28.12242653
28.12242653
28.12240610
28.12240610
28.12240610
28.12240610
28.12238721
28.12238721
28.12238721
28.12238721
28.12238721
28.12241123
28.12241123
28.12241123
28.12241235
28.12241235
28.12241235
28.12241235
28.12241235
28.12241235
28.12241235
28.12241235
28.12241235
28.12241235
28.12236399
28.12236399
28.12236399
28.12236399
28.12236399
28.12236399
28.12236399
28.12236399
28.12236399
28.12236399
28.12236399
28.12236399
28.12236399
28.12236399
28.12236399
28.12236399
28.12236399
28.12236399
28.12236399
28.12236399
28.12236399
28.12236399
28.12236399
28.12236399
28.12236399
28.12236399
28.12236399
28.12275395
28.12275395
28.12275395
28.12275395
28.12275395
28.12275395
28.12275395
28.12275395
28.12275395
28.12275395
28.12275395
28.12275395
28.12275395
28.12275395
28.12275395
28.12275395
28.12275395
28.12259729
28.12259729
28.12259729
28.12259729
28.12259729
28.12259729
28.12259729
28.12259729
28.12259729
28.12014414
28.12014414
28.12014414
28.12014414
28.12014414
28.12014414
28.12014414
28.12014414
28.12014414
28.12014414
28.12014414
28.12014414
28.12014414
28.12006404
28.11985432
28.11985432
28.11985432
28.11989732
28.11989732
28.11989732
28.11989732
28.11956502
28.11956502
28.11956502
28.11956502
28.11956502
28.11956502
28.11956502
28.11956502
28.11956502
28.11956502
28.11942734
28.11942734
28.11942734
28.11938503
28.11941828
28.11941828
28.11941828
28.11941828
28.11941828
28.11941828
28.11941828
28.11941828
28.11941828
28.11937569
28.11932435
28.11932435
28.11932435
28.11937569
28.11940496
28.11938963
28.11938963
28.11938963
28.11938963
28.11938963
28.11938963
28.11938963
28.11938963
28.11938963
28.11938963
28.11938963
28.11938963
28.11938963
28.11938963
28.11938963
28.11942217
28.11942217
28.11942217
28.11942217
28.11942217
28.11942217
28.11942217
28.11942217
28.11941733
28.11941731
28.11941731
28.11941731
28.11941731
28.11941731
28.11941731
28.11941731
28.11941731
28.11941731
28.11941731
28.11941731
28.11941731
28.11941731
28.11941731
28.11941731
28.11941885
28.11941885
28.11941885
28.11941885
28.11941885
28.11941885
28.11941885
28.11941885
28.11941885
28.11941885
28.11941885
28.11941885
28.11941885
28.11941885
28.11941885
28.11941885
28.11941787
28.11941787
28.11941787
28.11941679
28.11941544
28.11941500
28.11941500
28.11941500
28.11941510
28.11941445
28.11941445
28.11941376
28.11941317
28.11941317
28.11941330
28.11941330
28.11941330
28.11941330
28.11941292
28.11941292
28.11941294
28.11941294
28.11941294
28.11941294
28.11941293
28.11941292
28.11941292
28.11941292
28.11941266
28.11941266
28.11941265
28.11941265
28.11941265
28.11941265
28.11941265
28.11941265
28.11941265
28.11941265
28.11941265
28.11941262
28.11941262
28.11941262
28.11941262
28.11941262
28.11941259
28.11941259
28.11941259
28.11941259
28.11941259
28.11941259
28.11941259
28.11941259
28.11941259
28.11941259
28.11941259
28.11941259
28.11941259
28.11941256
28.11941259
28.11941144
28.11941144
28.11941144
28.11941144
28.11941144
28.11941144
28.11941144
28.11941144
28.11941144
28.11941144
28.11941144
28.11941144
28.11941144
28.11941144
28.11941144
28.11941144
28.11941144
28.11941144
28.11941144
28.11941147
28.11941147
28.11941147
28.11941147
28.11941147
28.11941147
28.11941147
28.11941147
28.11941147
28.11941147
28.11941147
28.11941147
28.11941147
28.11941147
28.11941147
28.11941147
28.11941067
28.11941067
28.11941067
28.11941067
28.12036223
28.12036223
28.12036223
28.12034332
28.11998747
28.11963976
28.11963976
28.11956107
28.11956107
28.11945199
28.11956107
28.11956107
28.11956107
28.11956107
28.11956107
28.11956107
28.11954201
28.11954201
28.11954201
28.11954201
28.11954201
28.11963976
28.11968845
28.11968845
28.11968845
28.11968845
28.11968845
28.11968845
28.11968845
28.11973195
28.11973195
28.11973195
28.11973195
28.11973195
28.11973195
28.11973195
28.11973195
28.11973195
28.11980474
28.11980474
28.11980474
28.11980474
28.11980474
28.11980474
28.11980474
28.11980474
28.11980474
28.11980474
28.11980474
28.11980474
28.11980474
28.11980474
28.11980474
28.11980474
28.11980474
28.11980474
28.12013366
28.12013366
28.12013366
28.12013366
28.12006812
28.12006812
28.12005095
28.11994519
28.11960833
28.11960833
28.11952768
28.11952326
28.11952326
28.11952326
28.11952326
28.11952326
28.11952326
28.11952326
28.11952160
28.11952120
28.11950907
28.11950907
28.11950907
28.11950691
28.11950691
28.11950691
28.11950404
28.11949798
28.11949798
28.11949091
28.11949091
28.11948570
28.11948570
28.11948570
28.11948570
28.11948504
28.11948274
28.11948274
28.11948307
28.11947988
28.11947889
28.11947560
28.11947560
28.11947560
28.11947560
28.11947560
28.11947541
28.11947541
28.11947541
28.11947541
28.11947541
28.11947541
28.11947495
28.11947495
28.11947512
28.11947512
28.11947512
28.11947512
28.11947493
28.11947493
28.11947493
28.11947493
28.11947493
28.11947493
28.11947493
28.11947493
28.11947493
28.11947512
28.11947512
28.11947509
28.11947512
28.11947518
28.11947518
28.11947518
28.11947492
28.11947492
28.11947492
28.11947492
28.11947492
28.11947492
28.11947492
28.11947492
28.11947521
28.11947521
28.11947521
28.11947521
28.11947521
28.11947521
28.11947521
28.11947521
28.11947521
28.11947521
28.11947521
28.11947521
28.11947521
28.11947521
28.11947521
28.11947521
28.11947521
28.11947521
28.11947521
28.11947521
28.11971659
28.11951107
28.11951107
28.11951107
28.11951107
28.11951107
28.11956068
28.11954307
28.11954307
28.11948406
28.11948406
28.11948406
28.11948406
28.11948406
28.11948406
28.11948406
28.11948406
28.11948406
28.11948406
28.11956068
28.11947702
28.11947702
28.11947702
28.11947702
28.11947702
28.11947702
28.11947702
28.11947702
28.11947702
28.11944738
28.11944738
28.11944738
28.11944738
28.11937700
28.11937700
28.11937700
28.11937700
28.11937700
28.11937382
28.11934784
28.11934784
28.11934784
28.11934784
28.11934784
28.11937382
28.11937444
28.11937444
28.11937444
28.11908297
28.11908297
28.11908297
28.11908297
28.11908297
28.11937444
28.11937444
28.11937444
28.11937444
28.11937700
28.11940941
28.11947154
28.11947154
28.11947154
28.11936797
28.11947154
28.11947154
28.11947154
28.11947154
28.11947154
28.11947154
28.11947154
28.11947154
28.11947154
28.11947154
28.11947154
28.11947154
28.11947154
28.11947154
28.11947154
28.11947154
28.11947154
28.11947154
28.11947154
28.11947154
28.11947154
28.11947154
28.11947154
28.11947154
28.11947154
28.11947154
28.11947154
28.11947154
28.12092260
28.12092260
28.12092260
28.12139154
28.12139154
28.12139154
28.12139154
28.12139154
28.12139154
28.12053530
28.12053530
28.12053530
28.12053530
28.12053530
28.12069277
28.11950065
28.11950065
28.11950065
28.12028653
28.12005884
28.11961222
28.11961222
28.11938223
28.11938223
28.11938223
28.11935974
28.11935974
28.11935974
28.11935974
28.11926097
28.11925609
28.11925609
28.11919522
28.11919522
28.11911230
28.11911230
28.11909180
28.11909180
28.11909180
28.11909180
28.11909180
28.11909180
28.11909180
28.11909180
28.11909180
28.11909083
28.11909083
28.11909083
28.11909083
28.11909083
28.11909083
28.11909083
28.11909083
28.11909083
28.11909083
28.11909083
28.11909083
28.11909083
28.11909821
28.11909057
28.11909821
28.11909821
28.11909821
28.11909821
28.11909821
28.11909821
28.11909821
28.11909821
28.11909821
28.11909821
28.11909821
28.11909821
28.11909821
28.11909821
28.11909821
28.11909821
28.11909821
28.11909821
28.11909821
28.11909821
28.11909821
28.11909821
28.11909821
28.11909821
28.11909821
28.11909821
28.11909821
28.11917678
28.11917678
28.11917678
28.11917678
28.11917678
28.11917678
28.11917678
28.11917678
28.11917678
28.11917678
28.11917678
28.11917678
28.11917678
28.11909201
28.11909201
28.11909201
28.11909201
28.11909201
28.11909201
28.11909201
28.11917630
28.11917630
28.11917630
28.11917630
28.11917630
28.11967698
28.11967698
28.11967698
28.11967698
28.11967698
28.11967698
28.11967698
28.11960316
28.11916042
28.11938795
28.11938795
28.11938795
28.11938795
28.11938795
28.11940477
28.11926241
28.11926241
28.11930812
28.11930812
28.11924031
28.11921783
28.11921783
28.11921783
28.11921783
28.11921700
28.11921700
28.11921783
28.11921366
28.11921366
28.11921366
28.11921366
28.11921783
28.11921783
28.11921783
28.11921783
28.11921783
28.11937241
28.11929875
28.11929875
28.11929875
28.11937241
28.11927457
28.11927457
28.11914594
28.11914594
28.11914594
28.11914594
28.11927457
28.11927457
28.11927457
28.11927457
28.11931152
28.11931152
28.11910821
28.11910821
28.11910821
28.11914381
28.11914381
28.11914381
28.11915748
28.11915748
28.11915748
28.11915748
28.11915748
28.11915748
28.11915748
28.11915748
28.11915748
28.11915748
28.11915748
28.11915748
28.11915748
28.11918749
110.99649691
99.72264644
42.09394487
42.09394487
42.09394487
28.90128053
28.90128053
28.90128053
28.74543914
28.75290771
28.41285339
28.63693749
28.63693749
28.63693749
28.63693749
28.63693749
28.63693749
28.63693749
28.63693749
28.21760542
28.63693749
28.63693749
28.41726377
28.41726377
28.25335041
28.22275465
28.22275465
28.22275465
28.22275465
28.22275465
28.22275465
28.19981987
28.19981987
28.19981987
28.18222939
28.18222939
28.18222939
28.18222939
28.18222939
28.18222939
28.18222939
28.18222939
28.18222939
28.19898725
28.19898725
28.19898725
28.19898725
28.19898725
28.19898725
28.19898725
28.19898725
28.19898725
28.19981987
28.19981987
28.19981987
28.19981987
28.19981987
28.18497241
28.18497241
28.18390055
28.18390055
28.18328697
28.18328697
28.18390055
28.17228380
28.17228380
28.17228380
28.17228380
28.17228380
28.17009468
28.17009468
28.09006232
28.09006232
28.08786592
28.08786592
28.07454674
28.08143057
28.08786592
28.08855197
28.08163498
28.07447874
28.07447874
28.07447874
28.07447874
28.07447874
28.07447874
28.07447874
28.07447874
28.07583655
28.07583655
28.07583655
28.07583655
28.07583655
28.07583655
28.07583655
28.07583655
28.07583655
28.07583655
28.07508452
28.07508452
28.07583655
28.07583655
27.97097545
27.97097545
27.85526564
27.85526564
27.85526564
27.85526564
27.85526564
27.85526564
27.85526564
27.84374908
27.84374908
27.84374908
27.84374908
27.84374908
27.84374908
27.84374908
27.84374908
27.84374908
27.84374908
27.84374908
27.84374908
27.84374908
27.84430787
27.84430787
27.84430787
27.84430787
27.84430787
27.83883727
27.84867124
27.84867124
27.84249050
27.84249050
27.84249050
27.84249050
27.84867124
27.84867124
27.84867124
27.84867124
27.84569830
27.83180136
27.81372050
27.69289482
27.68940463
27.68940463
27.68940463
27.66142074
27.66142074
27.66142074
27.66142074
27.66142074
27.66142074
27.66142074
27.66142074
27.63794069
27.63794069
27.63794069
27.61539781
27.61539781
27.61539781
27.61234854
27.60062281
27.60062281
27.60062281
27.61887160
27.61021267
27.61021267
27.61001802
27.61021267
27.58828587
27.58270707
27.58378309
27.58321042
27.57845295
27.57845295
27.57783898
27.57577711
27.57577711
27.57577711
27.57577711
27.57726753
27.57726753
27.57543951
27.57543951
27.57081722
27.56878135
27.56878135
27.56805133
27.56805133
27.56805133
27.56805133
27.56522560
27.56430059
27.56430059
27.17881840
27.17881840
27.17881840
27.00361968
27.00361968
26.96553249
26.96553249
26.97287615
26.97287615
26.97287615
26.97287615
25.69841857
25.25785942
25.25785942
25.25785942
25.25785942
25.59135116
24.87224470
24.87224470
24.87224470
23.68711897
23.68711897
21.12415451
21.12415451
21.12415451
20.28342818
20.28342818
18.10706027
18.21529585
18.21529585
18.21529585
18.21529585
17.91332843
17.14841966
17.14841966
17.14841966
16.67272782
16.67272782
16.67272782
15.94506851
15.94506851
14.48344036
14.48344036
14.48344036
11.02106766
11.02106766
11.30627056
11.30627056
11.80091106
11.80091106
11.80091106
11.33496109
11.33496109
11.33496109
11.33496109
10.95975804
11.01399413
11.01399413
10.90241500
10.89305302
10.89305302
10.89305302
10.89305302
10.84298490
10.84298490
10.84298490
10.80048457
10.83487688
10.76488309
10.76488309
10.76488309
10.77371059
10.75103613
10.75103613
10.75103613
10.75103613
10.75103613
10.68989548
10.68989548
10.68989548
10.75103613
10.64124876
10.64124876
10.64124876
10.64124876
10.64124876
10.64124876
10.70873282
10.70873282
10.63229800
10.63229800
10.63229800
10.63229800
10.63229800
10.63229800
10.63229800
10.63229800
10.58982882
10.58982882
10.57474194
10.42795363
10.42795363
10.42795363
10.42795363
10.42795363
10.42795363
10.42629171
10.42629171
10.42629171
10.42629171
10.42629171
10.42629171
10.42629171
10.42629171
10.42629171
10.42629171
10.42366841
10.42366841
10.42366841
10.32916239
10.25366416
10.25366416
10.17982470
10.17973701
10.17973701
10.17973701
10.17973701
10.17973701
10.17973701
10.17973701
10.17973701
10.13114541
10.13114541
10.14805710
10.14805710
10.14805710
10.14106353
10.14048383
10.14048383
10.14048383
10.09191364
10.09191364
10.07436461
10.07436461
10.07436461
10.07436461
10.07436461
10.07436461
10.07436461
10.07436461
10.07436461
10.07436461
10.07436461
10.07436461
10.07436461
10.07436461
10.07436461
10.07436461
10.07436461
10.07436461
10.07142847
10.06224589
10.06224589
10.06737688
10.06737688
10.06737688
10.06441871
10.06441871
10.06441871
10.06441871
10.06441871
10.06441871
10.06216289
10.06216289
10.05611334
10.05479696
10.05479696
10.05479696
10.05479696
10.05436962
10.05436962
10.05436962
10.05436962
10.05729746
10.05196615
10.05196615
10.05196615
10.05196615
10.05196615
10.05196615
10.05196615
10.05196615
10.05196615
10.05196615
10.05196615
10.05196615
10.05196615
10.05196615
10.05196615
10.05196615
10.05196615
10.05042291
10.05042291
10.05042291
10.05039206
10.04966940
10.04966940
10.04966940
10.04984449
10.05039206
10.04956121
10.04956121
10.04956121
10.04956121
10.04910793
10.04901902
10.04899638
10.04896088
10.04896088
10.04898007
10.04898007
10.04898007
10.04901965
10.04901965
10.04898718
10.04893591
10.04893591
10.04893591
10.04877597
10.04877597
10.04864648
10.04877597
10.04877597
10.04877597
10.04870878
10.04870878
10.04870878
10.04870878
10.04869107
10.04869107
10.04874886
10.04869169
10.04858417
10.04856853
10.04856853
10.04856853
10.04856853
10.04856853
10.04854795
10.04856853
10.04856853
10.04856853
10.04853526
10.04853526
10.04850020
10.04850020
10.04850020
10.04850973
10.04851089
10.04851089
10.04851089
10.04851089
10.04851089
10.04848685
10.04848685
10.04848685
10.04849006
10.04849006
10.04849006
10.04849006
10.04849006
10.04849006
10.04849006
10.04849006
10.04849006
10.04849006
10.04849076
10.04849076
10.04849076
10.04849076
10.04849076
10.04849076
10.04849076
10.04849199
10.04849199
10.04851089
10.04862067
10.04862067
10.04862067
10.04862067
10.04862067
10.04862067
10.04862067
10.04862067
10.04862020
10.04862020
10.04862020
10.04854774
10.04854774
10.04854774
10.04854774
10.04854774
10.04854774
10.04854774
10.04854774
10.04854774
10.04838260
10.04854774
10.04854774
10.04859896
10.04859896
10.04859896
10.04859896
10.04859896
10.04859896
10.04859896
10.04859896
10.04811411
10.04811411
10.04811411
10.04811411
10.04811411
10.04811411
10.04811411
10.04810993
10.04810993
10.04810993
10.04810993
10.04810944
10.04815376
10.04815376
10.04816932
10.04816932
10.04816932
10.04817156
10.04816040
10.04816040
10.04816040
10.04816040
10.04816040
10.04813079
10.04813079
10.04813079
10.04813079
10.04813079
10.04813325
10.04813325
10.04811469
10.04811995
10.04811995
10.04811995
10.04811995
10.04812957
10.04812957
10.04810927
10.04810902
10.04810902
10.04810889
10.04810889
10.04810883
10.04810883
10.04810883
10.04810883
10.04810883
10.04810883
10.04810883
10.04810883
10.04810841
10.04810841
10.04810841
10.04810841
10.04810790
10.04810790
10.04810790
10.04810790
10.04810790
10.04810790
10.04810790
10.04810790
10.04810790
10.04810790
10.04810790
10.04810790
10.04810790
10.04810804
10.04810808
10.04810808
10.04810808
10.04810808
10.04810808
10.04810808
10.04810808
10.04810808
10.04810808
10.04810808
10.04810808
10.04810789
10.04810789
10.04810789
10.04810789
10.04810789
10.04810789
10.04810789
10.04810789
10.04810789
10.04810789
10.04810789
10.04810789
10.04810890
10.04810890
10.04810890
10.04810890
10.04810890
10.04810890
10.04810890
10.04810890
10.04810890
10.04810896
10.04810888
10.04810888
10.04810888
10.04810888
10.04810888
10.04810882
10.04810882
10.04810882
10.04810882
10.04810882
10.04810882
10.04810882
10.04810882
10.04810882
10.04810882
10.04810882
10.04810882
10.04810882
10.04810882
10.04810882
10.04810882
10.04810832
10.04810883
10.04810883
10.04810883
10.04810838
10.04810838
10.04810832
10.04810832
10.04810832
10.04810832
10.04810832
10.04810832
10.04810832
10.04810832
10.04810832
10.04810792
10.04810792
10.04810798
10.04810798
10.04810798
10.04810798
10.04810798
10.04810798
10.04810798
10.04810798
10.04810798
10.04810776
10.04810741
10.04810741
10.04810741
10.04810741
10.04810741
10.04810741
10.04810741
10.04810741
10.04810741
10.04810730
10.04810730
10.04810730
10.04810730
10.04810730
10.04810728
10.04810728
10.04810728
10.04810725
10.04810725
10.04810725
10.04810725
10.04810725
10.04810725
10.04810725
10.04810725
10.04810725
10.04810725
10.04810766
10.04810766
10.04810766
10.04810766
10.04810766
10.04810766
10.04810766
10.04810766
10.04810766
10.04810899
10.04810899
10.04810899
10.04810899
10.04810899
10.04810899
10.04810899
10.04811136
10.04811136
10.04811136
10.04811419
10.04811419
10.04811419
10.04811419
10.04811419
10.04811419
10.04811419
10.04815054
10.04815054
10.04815054
10.04815054
10.04815054
10.04813588
10.04813588
10.04813588
10.04813588
10.04813851
10.04813851
10.04813851
10.04786044
10.04786044
10.04786044
10.04813851
10.04813851
10.04813851
10.04813851
10.04813851
10.04813851
10.04813851
10.04813851
10.04813851
10.04813851
10.04813851
10.04857257
10.04857257
10.04883188
10.04883188
10.04883188
10.04883188
10.04883188
10.04883188
10.04870841
10.04870841
10.04870841
10.04883188
10.04883188
10.04883797
10.04883797
10.04883797
10.04883797
10.04883797
10.04883797
10.04883797
10.04883797
10.04883797
10.04883797
10.04883797
10.04883797
10.04930003
10.04930568
10.04930568
10.04930568
10.04930568
10.04930568
10.05832342
10.05832342
10.05832342
10.05803531
10.05745281
10.05189020
10.05189020
10.05189020
10.05189020
10.05189020
10.05189020
10.05177101
10.05177101
10.05177101
10.05074840
10.05074840
10.05074840
10.05074840
10.05074840
10.05074840
10.05074840
10.05091225
10.04909831
10.04909831
10.04909831
10.04909154
10.04909154
10.04821912
10.04802460
10.04802460
10.04802460
10.04797421
10.04778527
10.04778527
10.04778527
10.04778527
10.04778527
10.04742712
10.04742712
10.04738769
10.04738769
10.04722227
10.04722227
10.04722227
10.04722227
10.04722227
10.04722227
10.04722227
10.04722227
10.04722227
10.04722227
10.04722227
10.04722227
10.04722227
10.04722227
10.04722227
10.04735111
10.04735111
10.04735111
10.04735111
10.04735111
10.04728362
10.04724728
10.04724728
10.04724728
10.04725226
10.04725226
10.04725226
10.04725226
10.04725226
10.04725226
10.04725226
10.04725226
10.04725226
10.04725226
10.04725223
10.04725223
10.04725223
10.04725223
10.04725226
10.04725226
10.04725226
10.04725226
10.04725226
10.04743405
10.04740681
10.04740681
10.04740681
10.04740681
10.04740681
10.04740681
10.04747961
10.04747961
10.04747961
10.04747961
10.04747961
10.04747961
10.04747961
10.04747961
10.04747961
10.04747961
10.04747961
10.04747961
10.04889915
10.04823996
10.04823996
10.04823996
10.04796896
10.04789661
10.04755403
10.04737802
10.04737802
10.04737802
10.04737802
10.04737802
10.04731123
10.04737802
10.04737802
10.04737802
10.04737802
10.04737802
10.04737802
10.04737802
10.04737802
10.04737802
10.04737802
10.04722336
10.04722336
10.04722336
10.04722336
10.04727939
10.04727939
10.04727939
10.04727939
10.04727939
10.04727939
10.04727939
10.04745879
10.04745879
10.04745879
10.04764299
10.04764299
10.04764299
10.04764299
10.04764299
10.04764299
10.04764299
10.04777622
10.04777622
10.04735109
10.04735109
10.04735109
10.04735109
10.04735109
10.04735109
10.04735109
10.04735109
10.04735109
10.04735109
10.04735109
10.04735109
10.04735109
10.04735109
10.04735109
10.04735109
10.04754663
10.04754663
10.04754663
10.04754663
10.04754663
10.04752258
10.04752258
10.04752258
10.04752258
10.04752258
10.04752382
10.04752382
10.04752382
10.04752382
10.04752382
10.04752382
10.04747183
10.04733039
10.04733039
10.04733039
10.04733039
10.04733039
10.04733039
10.04733039
10.04733039
10.04733039
10.04733039
10.04733039
10.04733039
10.04733039
10.04733039
10.04733039
10.04733039
10.04733039
10.04733039
10.04733039
10.04733039
10.04733039
10.04733039
10.04733039
10.04733039
10.04733039
10.04731157
10.04731157
10.04731157
10.04731157
10.04731157
10.04729302
10.04729302
10.04729302
10.04729302
10.04729302
10.04729302
10.04730015
10.04730015
10.04729416
10.04729416
10.04729416
10.04729416
10.04728776
10.04728776
10.04728776
10.04728776
10.04728776
107.14837785
107.14837785
100.08600591
100.08600591
100.08600591
65.29873525
65.29873525
65.02882067
53.33478184
48.78971110
48.42979364
47.63663278
47.63663278
46.26001850
46.26001850
45.58157781
45.54121758
45.54121758
44.56326883
44.56326883
40.46395875
40.46395875
39.85984814
35.63608448
35.02679224
34.54631284
34.10013993
28.79059782
28.79059782
28.79059782
28.79059782
28.79059782
28.79059782
28.88379167
28.53131807
28.53131807
28.48370215
28.48370215
28.45503817
28.35077224
28.33070737
28.33070737
28.18761607
28.18761607
28.18761607
28.18761607
28.18761607
28.18761607
28.18761607
28.17928154
28.17928154
28.17928154
28.17928154
28.19551265
28.19551265
28.14825018
28.16071308
28.16071308
28.16071308
28.16071308
28.16071308
28.16071308
28.16071308
28.16071308
28.16071308
28.16071308
28.16071308
28.16071308
28.16071308
28.16298941
28.16298941
28.16298941
28.15658054
28.15658054
28.15658054
28.15517908
28.15466564
28.15466564
28.15466564
28.15466564
28.15466564
28.15396132
28.14507617
28.14507617
28.14507617
28.13992954
28.13992954
28.13992954
28.13992954
28.13992954
28.13953876
28.13953876
28.13953876
28.13953876
28.13953876
28.13953876
28.13953876
28.13953876
28.13953876
28.13953876
28.13953876
28.13953876
28.13953876
28.13935516
28.13935516
28.13922781
28.13922781
28.13922781
28.13919902
28.13919902
28.13908638
28.13919902
28.13919902
28.13919902
28.13919902
28.13919902
28.13919902
28.13919902
28.13919902
28.13919902
28.13919902
28.13918690
28.13915886
28.13847668
28.13847668
28.13847668
28.13847668
28.13847668
28.13847668
28.13847668
28.13847668
28.13862405
28.13862405
28.13862405
28.13862405
28.13862405
28.13862405
28.13862405
28.13862405
28.13862405
28.13862405
28.13862405
28.13862405
28.13862405
28.13862405
28.13862405
28.13862405
28.13862405
28.13862405
28.13862405
28.13862405
28.13855323
28.13855323
28.13855323
28.13855323
28.13855323
28.13844417
28.13844417
28.13844417
28.13844417
28.13844417
28.13844417
28.13844417
28.13863545
28.13863545
28.13856205
28.13856205
28.13856205
28.13863545
28.13873424
28.13873424
28.13873424
28.13873424
28.13873424
28.13873424
28.13873424
28.13873424
28.13861484
28.13861484
28.13873424
28.13873424
28.13873424
28.13873424
28.13873424
28.13873424
28.13873424
28.13873424
28.13873424
28.13873241
28.13873241
28.13873241
28.13873241
28.13873241
28.13873241
28.13873241
28.13873241
28.13878531
28.13888926
28.13923129
28.13892668
28.13845319
28.13845319
28.13845319
28.13845319
28.13845319
28.13891990
28.13891990
28.13891990
28.13891990
28.13839184
28.13805028
28.13805028
28.13805028
28.13805028
28.13805028
28.13805028
28.13805028
28.13805028
28.13805028
28.13805028
28.13805028
28.13805028
28.13805028
28.13784375
28.13784375
28.13784375
28.13784375
28.13784375
28.13784375
28.13784375
28.13784375
28.13784375
28.13784375
28.13784375
28.13784375
28.13786136
28.13786136
28.13786136
28.13786136
28.13786136
28.13786136
28.13786136
28.13786136
28.13786136
28.13786136
28.13786136
28.13786136
28.13786136
28.13786136
28.13783011
28.13783011
28.13783011
28.13783011
28.13771710
28.13771710
28.13771710
28.13776591
28.13776591
28.13779727
28.13779727
28.13779727
28.13764070
28.13764070
28.13767960
28.13767960
28.13767960
28.13770048
28.13770048
28.13770048
28.13770048
28.13770048
28.13770048
28.13770048
28.13779205
28.13785271
28.13785271
28.13785271
28.13785271
28.13785271
28.13785271
28.13785271
28.13784483
28.13784483
28.13785271
28.13790214
28.13790214
28.13790214
28.13790214
28.13790214
28.13790214
28.13790214
28.13790214
28.13790214
28.13790214
28.13786620
28.13786620
28.13777698
28.13777698
28.13777698
28.13777698
28.13777698
28.13776668
28.13776668
28.13767615
28.13767615
28.13767615
28.13767615
28.13769831
28.13769831
28.13769831
28.13769831
28.13769831
28.13769831
28.13769831
28.13769831
28.13769831
28.13769831
28.13769831
28.13769831
28.13769831
28.13769831
28.13769831
28.13769831
28.13769831
28.13766754
28.13766754
28.13766754
28.13766754
28.13765128
28.13765128
28.13766754
28.13766754
28.13766754
28.13766754
28.13766754
28.13766754
28.13766754
28.13766754
28.13766754
28.13766754
28.13766754
28.13762206
28.13759006
28.13762206
28.13762206
28.13761459
28.13760844
28.13760844
28.13760844
28.13760844
28.13760844
28.13760844
28.13760844
28.13760844
28.13761459
28.13761459
28.13761459
28.13762206
28.13762206
28.13762206
28.13762206
28.13762206
28.13762206
28.13766798
28.13766798
28.13766798
28.13766798
28.13757098
28.13757098
28.13757053
28.13757053
28.13757053
28.13757053
28.13757053
28.13757083
28.13757098
28.13757098
28.13757098
28.13757098
28.13757098
28.13757098
28.13757098
28.13757098
28.13757098
28.13757098
28.13757098
28.13757098
28.13757098
28.13757098
28.13757098
28.13757098
28.13757098
28.13757098
28.13757098
28.13757098
28.13757098
28.13757098
28.13757098
28.13757098
28.13757098
28.13757098
28.13757098
28.13757098
28.13757098
28.13757098
28.13757098
28.13757098
28.13757098
28.13757098
28.13941830
28.13805972
28.13805972
28.13805972
28.13941830
28.13890411
28.13890411
28.13854545
28.13854545
28.13814062
28.13814062
28.13814062
28.13814062
28.13849797
28.13849797
28.13849797
28.13849797
28.13849797
28.13849797
28.13816442
28.13816442
28.13816442
28.13816442
28.13816442
28.13816442
28.13816442
28.13816442
28.13816442
28.13788072
28.13760805
28.13760805
28.13760805
28.13750863
28.13760805
28.13760805
28.13760805
28.13760805
28.13760805
28.13760805
28.13760805
28.13760805
28.13760850
28.13760850
28.13777915
28.13786431
28.13786431
28.13786431
28.13786431
28.13786431
28.13786431
28.13786431
28.13786431
28.13786431
28.13786431
28.13786524
28.13786524
28.13786524
28.13963084
28.13963084
28.13755913
28.13755913
28.13755913
28.13736421
28.13736421
28.13736421
28.13736421
28.13736421
28.13736421
28.13736421
28.13736421
28.13736421
28.13736421
28.13736421
28.13736421
28.13710349
28.13710349
28.13710349
28.13710349
28.13710349
28.13710349
28.13710349
28.13710349
28.13710349
28.13710349
28.13710349
28.13710349
28.13710349
28.13710349
28.13710349
28.13710349
28.13710349
28.13702275
28.13702275
28.13702275
28.13702275
28.13702275
28.13700440
28.13700440
28.13700774
28.13700774
28.13702238
28.13702238
28.13702238
28.13702274
28.13700468
28.13700468
28.13700468
28.13700468
28.13700468
28.13700468
28.13700468
28.13700468
28.13703725
28.13703725
28.13703725
28.13703725
28.13703725
28.13703725
28.13703725
28.13703725
28.13703725
28.13703725
28.13705370
28.13705370
28.13704183
28.13704183
28.13704183
28.13704183
28.13704183
28.13704183
28.13698761
28.13698761
28.13698761
28.13698761
28.13698761
28.13698761
28.13698761
28.13698761
28.13698761
28.13698761
28.13698003
28.13698003
28.13698003
28.13698003
28.13698003
28.13698003
28.13698003
28.13698003
28.13698761
28.13698761
28.13698761
28.13698761
28.13697532
28.13697532
28.13697532
28.13697532
28.13697532
28.13697532
28.13697532
28.13697532
28.13697532
28.13697532
28.13700816
28.13700816
28.13700816
28.13700816
28.13700816
28.13702741
28.13702741
28.13702741
28.13702741
28.13702741
28.13702741
28.13702741
28.13702741
28.13702741
28.13702741
28.13702741
28.13702741
28.13702741
28.13702741
28.13702741
28.13702741
28.13702741
28.13702741
28.13702741
28.13702741
28.13702741
28.13702741
28.13702741
28.13702741
28.13727041
28.13727041
28.13727041
28.13727041
28.13727041
28.13727041
28.13727041
28.13727041
28.13727041
28.13703894
28.13703894
28.13703894
28.13703894
28.13703894
28.13703894
28.13708472
28.13705478
28.13705478
28.13705478
28.13705478
28.13705478
28.13705478
28.13705478
28.13705478
28.13703624
28.13703624
28.13703624
28.13703624
28.13703624
28.13703624
28.13702800
28.13702800
28.13702800
28.13702800
28.13702800
28.13702800
28.13702800
28.13702800
28.13702800
28.13702800
28.13702800
28.13702800
28.13702800
28.13702800
28.13702800
28.13702800
28.13698851
28.13698851
28.13698851
28.13698851
28.13698851
28.13698851
28.13700506
28.13701384
28.13701384
28.13701384
28.13701384
28.13700950
28.13700950
28.13700950
28.13699694
28.13698235
28.13698235
28.13698235
28.13698235
28.13698235
28.13698235
28.13674402
28.13674402
28.13674402
28.13674402
28.13674402
28.13674402
28.13674402
28.13674402
28.13698235
28.13704104
28.13704104
28.13704104
28.13704104
28.13704104
28.13704104
28.13704104
28.13704104
28.13706942
28.13706942
28.13706942
28.13706942
28.13706942
28.13706942
28.13698103
28.13698103
28.13698103
28.13694937
28.13694937
28.13694937
28.13694937
28.13698315
28.13698315
28.13699168
28.13706217
28.13706217
28.13706908
28.13706908
28.13706908
28.13706908
28.13706908
28.13706908
28.13694614
28.13711539
28.13711539
28.13711539
28.13711539
28.13711539
28.13711539
28.13711539
28.13711539
28.13713156
28.13713156
28.13713504
28.13713504
28.13713504
28.13694454
28.13694137
28.13694137
28.13694137
28.13694137
28.13694137
28.13694137
28.13694137
28.13694860
28.13694860
28.13694201
28.13694201
28.13693796
28.13693796
28.13693796
28.13693796
28.13694201
28.13694201
28.13694201
28.13693493
28.13693648
28.13693648
28.13693648
28.13693648
28.13693648
28.13693998
28.13693998
28.13693998
28.13694201
28.13694201
28.13693898
28.13693898
28.13693898
28.13693898
28.13693423
28.13693423
28.13693423
28.13693423
28.13693423
28.13693722
28.13693722
28.13693851
28.13693851
28.13693851
28.13693895
28.13693895
28.13693895
28.13693895
28.13693895
28.13693895
28.13693895
28.13693895
28.13693895
28.13693895
28.13693895
28.13693895
28.13694876
28.13694876
28.13693268
28.13693091
28.13693091
28.13693091
28.13691993
28.13691993
28.13691993
28.13691993
28.13691993
28.13691993
28.13693789
28.13693789
28.13697422
28.13697422
28.13697422
28.13697422
28.13697422
28.13697422
28.13697422
28.13697422
28.13697422
28.13695850
28.13695850
28.13697422
28.13697539
28.13697539
28.13691706
28.13691706
28.13691530
28.13691530
28.13691530
28.13691530
28.13691530
28.13691530
28.13691530
28.13691530
28.13691530
28.13691530
28.13691530
28.13691530
28.13690539
28.13690539
28.13690539
28.13690539
28.13690250
28.13690250
28.13690250
28.13690250
28.13690250
28.13690250
28.13690250
28.13690250
28.13690250
28.13690250
28.13690250
28.13690250
28.13690250
28.13690250
28.13690250
28.13690250
28.13690250
28.13690250
28.13690250
28.13690250
28.13690250
28.13690250
28.13690250
28.13690250
28.13690256
28.13690143
28.13690143
28.13690109
28.13690143
28.13690147
28.13690147
28.13690193
28.13690193
28.13690193
28.13690193
28.13690193
28.13690193
28.13690193
28.13690193
28.13690193
28.13690193
28.13690193
28.13690193
28.13690193
28.13690193
28.13690193
28.13690193
28.13691517
28.13691517
28.13691517
28.13691517
28.13691517
28.13691517
28.13691517
28.13691517
28.13691517
28.13691517
28.13691517
28.13691517
28.13691517
28.13691517
28.13691517
28.13691517
28.13691517
28.13691517
28.13691517
28.13691517
28.13691517
28.13691517
28.13691517
28.13691517
28.13691517
28.13691517
28.13691517
28.13691517
28.13694364
28.13725748
28.13725748
28.13725748
28.13725748
28.13725748
28.13725748
28.13725748
28.13725748
28.13725748
28.13725748
28.13725748
28.13758147
28.13758147
28.13758147
28.13858683
28.13858683
28.13858683
28.13858683
28.13858683
28.13858683
28.13858683
28.13864500
28.13864500
28.13864500
28.13864500
28.13866674
28.13866674
28.13773687
28.13773687
28.13773687
28.13773687
28.13739795
28.13739795
28.13773687
28.13773687
28.13758112
28.13717180
28.13717180
28.13717180
28.13717180
28.13717180
28.13717180
28.13717180
28.13717180
28.13717180
28.13758112
28.13771405
28.13762837
28.13729502
28.13754813
28.13739864
28.13739864
28.13702624
28.13702624
28.13702624
28.13702624
28.13702624
28.13700556
28.13700556
28.13700556
28.13689789
28.13689789
28.13689844
28.13689489
28.13689489
28.13689489
28.13689489
28.13689269
28.13688920
28.13688920
28.13688902
28.13688902
28.13688902
28.13688902
28.13688831
28.13688784
28.13688730
28.13688695
28.13688695
28.13688695
28.13688695
28.13688696
28.13688696
28.13688696
28.13688696
28.13688657
28.13688652
28.13688606
28.13688606
28.13688627
28.13688627
28.13688627
28.13688626
28.13688625
28.13688625
28.13688625
28.13688626
28.13688638
28.13688638
28.13688638
108.13344088
108.13344088
104.84265405
99.63847202
54.26727662
54.26319401
54.26319401
54.26319401
46.08251251
46.08251251
44.91087143
44.91087143
44.91087143
44.91087143
44.91087143
33.16549585
33.16549585
33.16549585
33.16549585
33.16549585
30.92779148
30.92779148
30.92779148
33.16549585
33.16549585
33.16549585
32.92447719
32.92326780
29.79202262
28.32720650
28.32720650
28.32720650
28.32720650
28.32720650
28.32720650
28.32720650
28.32720650
28.67419011
28.43369012
28.33794554
28.37324542
28.37324542
28.35897338
28.30636214
28.30636214
28.30636214
28.30636214
28.30636214
28.29237334
28.29205753
28.29205753
28.29205753
28.29205753
28.27197503
28.28140520
28.28140520
28.29205753
28.29205753
28.20007556
28.19400969
28.19400969
28.20007556
28.20007556
28.19286420
28.19286420
28.19286420
28.19286420
28.19286420
28.19286420
28.16913812
28.16913812
28.16913812
28.16913812
28.16913812
28.16882811
28.16462839
28.16462839
28.16341852
28.16341852
28.16462839
28.16462839
28.16029460
28.16029460
28.16029460
28.16029460
28.15328948
28.15328948
28.15328948
28.15328948
28.15207640
28.15207640
28.14732670
28.14286310
28.14286310
28.14286310
28.14286310
28.14286310
28.14204978
28.14204978
28.14204978
28.14204978
28.14128175
28.14318946
28.14318946
28.14318946
28.14332479
28.14332479
28.13910887
28.13744169
28.13744169
28.13744169
28.13744169
28.13744169
28.13744169
28.13744169
28.13744169
28.13744169
28.13744169
28.13744169
28.13744169
28.13744169
28.13744169
28.13697271
28.13697271
28.13681734
28.13681734
28.13681734
28.13697271
28.13744169
28.13704672
28.13744169
28.13744169
28.13744169
28.13710220
28.13744169
28.13744169
28.13757706
28.13757706
28.13767318
28.13767318
28.13767318
28.13767318
28.13767318
28.13741726
28.13741726
28.13668384
28.13668384
28.13722542
28.13722542
28.13722542
28.13722542
28.13722917
28.13722917
28.13722917
28.13722917
28.13722917
28.13721995
28.13721995
28.13708158
28.13708158
28.13721995
28.13721995
28.13721995
28.13722917
28.13722917
28.13722917
28.13722917
28.13724737
28.13724737
28.13724737
28.13724737
28.13740350
28.13740350
28.13740350
28.13740350
28.13740350
28.13740350
28.13740350
28.13740350
28.13740350
28.13732303
28.13732303
28.13732303
28.13732303
28.13732303
28.13730236
28.13751601
28.13751601
28.13785643
28.13762017
28.13762017
28.13719163
28.13719163
28.13719163
28.13693299
28.13693299
28.13693299
28.13693299
28.13693299
28.13693299
28.13693299
28.13693299
28.13698136
28.13698136
28.13698136
28.13698136
28.13698136
28.13690063
28.13690063
28.13682381
28.13682381
28.13682381
28.13682381
28.13682684
28.13682684
28.13682684
28.13681623
28.13681623
28.13681623
28.13682471
28.13682471
28.13682471
28.13682471
28.13682471
28.13682471
28.13682471
28.13682471
28.13682471
28.13682471
28.13682471
28.13682471
28.13682471
28.13682471
28.13682471
28.13682471
28.13682471
28.13682523
28.13682523
28.13682523
28.13682684
28.13682684
28.13682684
28.13682684
28.13682684
28.13682684
28.13682684
28.13682684
28.13682684
28.13682684
28.13682684
28.13681076
28.13681076
28.13681211
28.13681211
28.13681211
28.13681211
28.13681211
28.13681602
28.13681602
28.13681602
28.13681602
28.13681208
28.13681208
28.13681208
28.13681208
28.13681225
28.13681225
28.13680960
28.13681225
28.13681352
28.13681352
28.13681352
28.13681352
28.13681352
28.13680564
28.13680564
28.13680564
28.13681042
28.13681042
28.13681042
28.13681042
28.13681042
28.13681042
28.13680809
28.13680809
28.13680809
28.13680809
28.13680809
28.13680809
28.13680809
28.13680822
28.13680822
28.13680822
28.13680822
28.13680983
28.13680983
28.13680983
28.13680983
28.13680983
28.13680962
28.13680962
28.13680962
28.13680962
28.13681095
28.13681095
28.13681095
28.13681095
28.13681095
28.13681095
28.13681095
28.13681095
28.13681095
28.13681095
28.13681095
28.13681095
28.13681095
28.13681095
28.13681095
28.13681095
28.13681095
28.13681095
28.13681095
28.13681095
28.13681095
28.13681095
28.13694059
28.13694059
28.13694059
28.13694059
28.13694059
28.13694059
28.13694059
28.13694059
28.13694059
28.13694059
28.13694059
28.13694059
28.13694059
28.13694059
28.13694059
28.13694059
28.13694059
28.13694059
28.13694059
28.13737258
28.13737258
28.13737258
28.13737258
28.13689976
28.13689976
28.13689976
28.13689976
28.13689976
28.13702951
28.13698855
28.13698855
28.13698855
28.13698855
28.13698855
28.13698855
28.13698855
28.13698855
28.13698855
28.13698855
28.13698855
28.13698855
28.13698855
28.13698855
28.13698855
28.13698855
28.13697040
28.13697040
28.13697040
28.13697040
28.13697040
28.13697040
28.13697040
28.13697040
28.13697040
28.13697040
28.13697040
28.13697040
28.13697040
28.13691116
28.13691116
28.13691116
28.13691116
28.13691116
28.13691116
28.13691116
28.13691116
28.13691116
28.13691116
28.13691116
28.13691116
28.13691116
28.13691116
28.13691116
28.13691116
28.13691116
28.13691116
28.13711544
28.13711544
28.13711544
28.13701246
28.13677729
28.13677729
28.13677729
28.13661584
28.13661584
28.13661584
28.13661584
28.13665243
28.13665243
28.13665243
28.13665243
28.13665243
28.13665243
28.13665243
28.13665243
28.13665243
28.13665243
28.13665243
28.13664427
28.13664427
28.13664427
28.13662515
28.13662515
28.13662838
28.13662838
28.13662838
28.13662736
28.13662736
28.13662736
28.13662736
28.13661478
28.13661121
28.13661121
28.13661121
28.13661121
28.13661121
28.13661121
28.13661121
28.13661121
28.13664239
28.13657548
28.13657548
28.13657548
28.13657548
28.13657548
28.13657548
28.13657585
28.13664239
28.13664239
28.13664239
28.13671606
28.13671606
28.13671606
28.13671606
28.13671606
28.13671606
28.13671606
28.13671606
28.13671606
28.13671606
28.13671606
28.13671606
28.13661063
28.13670748
28.13657362
28.13657362
28.13656767
28.13655541
28.13655541
28.13655541
28.13656767
28.13656767
28.13655261
28.13655261
28.13655261
28.13655261
28.13655261
28.13655261
28.13655261
28.13655261
28.13655261
28.13655261
28.13655261
28.13656126
28.13656428
28.13656428
28.13656428
28.13656428
28.13656428
28.13656428
28.13656428
28.13656428
28.13656428
28.13656428
28.13656428
28.13656428
28.13656428
28.13656428
28.13656428
28.13656428
28.13676900
28.13676900
28.13676900
28.13676900
28.13676900
28.13676900
28.13676900
28.13658811
28.13658811
28.13658811
28.13658811
28.13658811
28.13658811
28.13658811
28.13658811
28.13658811
28.13712029
28.13712029
28.13712029
28.13712029
28.13712029
28.13712029
28.13712029
28.13703765
28.13703765
28.13703765
28.13703765
28.13703765
28.13703765
28.13712029
28.13712029
28.13689264
28.13689264
28.13689264
28.13689264
28.13689264
28.13689264
28.13689264
28.13688301
28.13688301
28.13682557
28.13679974
28.13679974
28.13679974
28.13682557
28.13676251
28.13673043
28.13673043
28.13673043
28.13668976
28.13668976
28.13668976
28.13668976
28.13662401
28.13662401
28.13662401
28.13662401
28.13662401
28.13662401
28.13662401
28.13672488
28.13672488
28.13665607
28.13665607
28.13665607
28.13665607
28.13665607
28.13663394
28.13663394
28.13663394
28.13660001
28.13660001
28.13661707
28.13661707
28.13661707
28.13658844
28.13658844
28.13661855
28.13661855
28.13661855
28.13661855
28.13661855
28.13661855
28.13661855
28.13661855
28.13661855
28.13659407
28.13659407
28.13659407
28.13659407
28.13659407
28.13659407
28.13657004
28.13657004
28.13657004
28.13657004
28.13659407
28.13659407
28.13658824
28.13658824
28.13658824
28.13658824
28.13658824
28.13658824
28.13658824
28.13657451
28.13657451
28.13657451
28.13657451
28.13657451
28.13657451
28.13657451
28.13657451
28.13657451
28.13657451
28.13657451
28.13657451
28.13657407
28.13657407
28.13657407
28.13657407
28.13657451
28.13657451
28.13657451
28.13657451
28.13657510
28.13657510
28.13657590
28.13657590
28.13657590
28.13657590
28.13657590
28.13657590
28.13657590
28.13657590
28.13657590
28.13658304
28.13658304
28.13658304
28.13658858
28.13658858
28.13659538
28.13659538
28.13659538
28.13659538
28.13659538
28.13659538
28.13659538
28.13659538
28.13659538
28.13659538
28.13659538
28.13659538
28.13659538
28.13665342
28.13667076
28.13667076
28.13667076
28.13667076
28.13667076
28.13667076
28.13667076
28.13667076
28.13667076
28.13676196
28.13662151
28.13662151
28.13662151
28.13662151
28.13662151
28.13673164
28.13673164
28.13673164
28.13673164
28.13673164
28.13673164
28.13661460
28.13661460
28.13661460
28.13661460
28.13661460
28.13661460
28.13661460
28.13661460
28.13661460
28.13667860
28.13667860
28.13667860
28.13667860
28.13667860
28.13676746
28.13676746
28.13676746
28.13676746
28.13676746
28.13676746
28.13668568
28.13668568
28.13668568
28.13668568
28.13668568
28.13660729
28.13660729
28.13660729
28.13660729
28.13664679
28.13664679
28.13664679
28.13664679
28.13661513
28.13661513
28.13661513
28.13661513
28.13661513
28.13661513
28.13655477
28.13655477
28.13655477
28.13655477
28.13655477
28.13655477
28.13655477
28.13655477
28.13655477
28.13655477
28.13655477
28.13655477
28.13655477
28.13655477
28.13655477
28.13655477
28.13655477
28.13655477
28.13655477
28.13655477
28.13655477
28.13655477
28.13657588
28.13657588
28.13657588
28.13658540
28.13658540
28.13658540
28.13658540
28.13658074
28.13658074
28.13658074
28.13658029
28.13658029
28.13658029
28.13658100
28.13658100
28.13655588
28.13655588
28.13655588
28.13655588
28.13655588
28.13655588
28.13654891
28.13654891
28.13654891
28.13654891
28.13654891
28.13655588
28.13655588
28.13655588
28.13655588
28.13655588
28.13655588
28.13655588
28.13655588
28.13655206
28.13655588
28.13655588
28.13655588
28.13655588
28.13655588
28.13655588
28.13655588
28.13655588
28.13655588
28.13655588
28.13655588
28.13655588
28.13657084
28.13657084
28.13657084
28.13657084
28.13659538
28.13661732
28.13661732
28.13661732
28.13661732
28.13661732
28.13661732
28.13705628
28.13705628
28.13705628
28.13705628
28.13705628
28.13712476
28.13712476
28.13712476
28.13712476
28.13712476
28.13712476
28.13712476
28.13712476
28.13712476
28.13712476
28.13712476
28.13712476
28.13712476
28.13712476
28.13666306
28.13666306
28.13666306
28.13666306
28.13717534
28.13717534
28.13717534
28.13717534
28.13717534
28.13717534
28.13717534
28.13717534
28.13689840
28.13689840
28.13717534
28.13717534
28.13717534
28.13717534
28.13717534
28.13697373
28.13697373
28.13837972
28.13713463
28.13713463
28.13837972
28.13837972
28.13837972
28.13837972
28.13837972
28.13837972
28.13837972
28.13774259
28.13776470
28.13722273
28.13722273
28.13722273
28.13722273
28.13701754
28.13701754
28.13701754
28.13701754
28.13695182
28.13695182
28.13695182
28.13695182
28.13695182
28.13695182
28.13695182
28.13695182
28.13695182
28.13692523
28.13692523
28.13692087
28.13692064
28.13692064
28.13692064
28.13673996
28.13673996
28.13673996
28.13673996
28.13670162
28.13669160
28.13667337
28.13663307
28.13661647
28.13661647
28.13661647
28.13661647
28.13661647
28.13661647
28.13661647
28.13658788
28.13658788
28.13658788
28.13658788
28.13658788
28.13658788
28.13658788
28.13662282
28.13662282
28.13660458
28.13660458
28.13660458
28.13660458
28.13660458
28.13657387
28.13657029
28.13657029
28.13657029
28.13657044
28.13657044
28.13411584
28.13405696
28.13372796
28.13372796
28.13366321
28.13367182
28.13367182
28.13367182
28.13351216
28.13351216
28.13351216
28.13351216
28.13351216
28.13351216
28.13351216
28.13351216
28.13221283
28.13221283
28.13221283
28.13221283
28.13221283
28.13221283
28.13221283
28.13221283
28.13221283
28.13221283
28.13221283
28.13221283
28.13221283
28.13098744
28.13098719
28.13098719
28.13098719
28.13098719
28.13098719
28.13098719
28.13098719
28.13098719
28.13098719
28.13098719
28.13098719
28.13098719
28.13098719
28.13098719
28.13098719
28.13098719
28.13098719
28.13098719
28.13098719
28.13121474
28.13121474
28.13139433
28.13139433
28.13139433
28.13139433
28.13139433
28.13139433
28.13139433
28.13139433
28.13139433
28.13139433
28.13139433
28.13139433
28.13139433
28.13139433
28.13139433
28.13139436
28.13139436
28.13139436
28.13139436
28.13139436
28.13139436
28.13139436
28.13139436
28.13139436
28.13139436
28.13161440
28.13160869
28.13160869
28.13160869
28.13160869
28.13169251
28.13135294
28.13124435
28.13124435
28.13124435
28.13124435
28.13124435
28.13124435
28.13124435
111.75961494
111.75961494
111.75961494
111.75961494
107.38691000
107.38691000
107.31349669
99.49032216
98.27824404
89.32158559
89.32158559
86.70757050
75.49442602
66.91199946
51.05403945
41.91219580
38.50481351
37.64010876
37.64010876
31.16882372
31.16882372
14.24929831
14.24929831
14.24929831
15.85593499
15.85593499
15.85593499
15.85593499
15.85593499
15.85593499
15.85593499
17.33751466
16.67774736
14.91322937
13.16271466
13.16271466
12.39639147
12.31330827
12.39639147
12.02269130
11.29712190
12.02269130
12.02269130
12.02269130
12.02269130
12.02269130
12.02269130
12.02269130
12.02269130
12.02269130
11.23825628
11.23825628
12.02269130
11.85707914
11.85707914
11.46648331
11.46648331
11.46648331
11.46648331
11.21019159
11.21019159
11.21019159
11.21019159
11.21019159
11.12580141
11.12580141
11.12580141
11.12580141
11.08408259
11.08408259
11.08408259
11.05376272
11.05376272
11.04778576
11.04778576
11.04778576
11.04481804
11.04481804
11.04369448
11.04369448
11.04369448
11.04368029
11.04350710
11.04306902
11.04306902
11.03921485
11.03792041
11.03611776
11.03066762
11.02717190
11.02504154
11.02203935
11.02203935
11.02229623
11.02229623
11.02229623
11.02211360
11.02211360
11.02211360
11.02067035
11.02067035
11.02067035
11.01989125
11.01959877
11.01959877
11.01959877
11.01959877
11.01959877
11.01943739
11.01943739
11.01943739
11.01943739
11.01943739
11.01926631
11.01861399
11.01846850
11.01819309
11.01819309
11.01819309
11.01819309
11.01812063
11.01812063
11.01812063
11.01819309
11.01819309
11.01819309
11.01819309
11.01819309
11.01819309
11.01800312
11.01800312
11.01800312
11.01769031
11.01769031
11.01769031
11.01769031
11.01769031
11.01769031
11.01767323
11.01767323
11.01767323
11.01767323
11.01767323
11.01086303
11.00841233
11.00809239
11.00809239
11.00809239
11.00608252
11.00479996
11.00438239
11.00400802
11.00343437
11.00129859
11.00129859
11.00129859
11.00129859
11.00129859
10.99859429
10.99725115
10.99725115
10.99725115
10.99777698
10.99753815
10.99753815
10.99753815
10.99753815
10.99753815
10.99753815
10.99666371
10.99654336
10.99654336
10.99654336
10.99654336
10.99654336
10.99190275
10.98995643
10.98992464
10.98336483
10.97756528
10.97756528
10.97756528
10.97756528
10.97756528
10.97756528
10.97756528
10.97756528
10.97756528
10.97756528
10.97756528
10.97756528
10.97756528
10.97756528
10.97224170
10.97224170
10.97224170
10.97224170
10.97224170
10.97224170
10.97224170
10.97224170
10.97224170
10.97224170
10.97224170
10.97224170
10.97224170
10.97224170
10.97224170
10.97224170
10.96444467
10.96444467
10.95966216
10.95966216
10.95966216
10.86075262
10.83238138
10.83238138
10.83238138
10.81621467
10.81621467
10.81621467
10.81621467
10.81940189
10.81940189
10.81940189
10.81940189
10.78824389
10.78824389
10.78824389
10.76107637
10.75762964
10.75762964
10.74486352
10.74486352
10.74486352
10.74486352
10.74502949
10.73486929
10.73486929
10.73486929
10.73486929
10.72611918
10.72611918
10.72611918
10.72611918
10.72611918
10.72102349
10.72102349
10.66194099
10.66194099
10.66194099
10.63484193
10.61073548
10.60592826
10.60344285
10.60344285
10.60021474
10.60021474
10.58991267
10.56770534
10.56770534
10.56770534
10.56770534
10.55182450
10.55182450
10.55221737
10.53121567
10.53121567
10.53056662
10.53056662
10.53056662
10.53056662
10.53121567
10.53121567
10.53121567
10.53121567
10.52436026
10.52436026
10.52436026
10.52436026
10.52436026
10.52436026
10.52436026
10.50998356
10.50998356
10.50998356
10.50998356
10.50998356
10.50998356
10.50998356
10.50998356
10.50448254
10.50448254
10.50448254
10.50448254
10.50448254
10.50448254
10.50448254
10.49876102
10.49680047
10.49680047
10.49680047
10.49680047
10.49680047
10.49593164
10.49258929
10.48799935
10.48799935
10.48825792
10.48825792
10.48748054
10.48734866
10.48748054
10.48721111
10.48717929
10.48564901
10.48564901
10.48564647
10.48564647
10.48576821
10.48430007
10.48430007
10.48430007
10.48430007
10.48384075
10.48460029
10.48250717
10.47927390
10.47688617
10.47558875
10.47558875
10.47558875
10.47053022
10.47053022
10.47053022
10.47053022
10.47053022
10.47053022
10.47028481
10.46924055
10.46924055
10.46862387
10.46862387
10.46663231
10.46663231
10.46468105
10.46462284
10.46462284
10.46462284
10.46462284
10.46362441
10.46362441
10.46362441
10.46362441
10.46362441
10.46266049
10.46266049
10.46266049
10.46062673
10.46062673
10.46013343
10.46033846
10.45938185
10.45938185
10.45680721
10.45680721
10.45680721
10.45680721
10.45370343
10.45370343
10.45370343
10.45370343
10.45370343
10.45370343
10.45370343
10.45370343
10.45370343
10.45370343
10.45987962
10.45987962
10.44731657
10.44731657
10.44731657
10.44731657
10.44731657
10.44731657
10.44731657
10.44731657
10.44731657
10.44731657
10.44731657
10.44731657
10.44669334
10.44669334
10.44669334
10.44669334
10.44732491
10.44732491
10.44906024
10.44906024
10.44906024
10.44906024
10.44906024
10.44906024
10.44906024
10.44906024
10.44906024
10.44906024
10.44906024
10.44906024
10.44906024
10.44906024
10.44906024
10.44906024
10.44876304
10.43602797
10.42001585
10.42001585
10.24104136
10.22017974
10.21635644
10.21635644
10.21635644
10.21635644
10.20893144
10.20893144
10.18580602
10.18580602
10.18580602
10.19639220
10.12604311
10.19639220
10.20893144
10.20893144
10.20893144
10.20893144
10.20893144
10.20893144
10.19900120
10.19900120
10.11270534
10.11270534
10.11270534
10.10704131
10.10704131
10.10507365
10.10378176
10.10378176
10.07342665
10.07342665
10.07342665
10.07342665
10.07342665
10.07226819
10.07226819
10.07337381
10.07305904
10.07305904
10.07305904
10.07305904
10.07303034
10.07303034
10.07303034
10.07303034
10.07305904
10.07305904
10.07305904
10.07286993
10.07286993
10.07286993
10.07248302
10.07248302
10.07248302
10.07248302
10.07248302
10.07248302
10.07189162
10.07176766
10.07176766
10.07176766
10.07176766
10.07176766
10.07176766
10.07176766
10.07176766
10.07176766
10.07176766
10.07176766
10.07176766
10.07176766
10.07176766
10.07176766
10.07176766
10.07176766
10.07176766
10.07176766
10.07176766
10.07176766
10.07176766
10.07176766
10.07176766
10.07176766
10.07176766
10.07176766
10.07176766
10.07176766
10.07176766
10.07176766
10.07176766
10.07176766
10.07176766
10.07176766
10.07176766
10.07176766
10.07176766
10.07176766
10.07176766
10.07176766
10.07176766
10.07176766
10.07176766
10.07176766
10.07176766
10.07176766
10.07176766
10.07176766
10.07176766
10.07176766
10.07176766
10.07313103
10.07313103
10.07412222
10.07412222
10.07412222
10.07412222
10.07412222
10.07412222
10.07412222
10.07412222
10.08084130
10.08084130
10.08084130
10.08084130
10.07702698
10.07702698
10.07519094
10.07519094
10.07519094
10.07519094
10.07519094
10.07519094
10.07519094
10.07519094
10.07519094
10.07519094
10.07519094
10.07519094
10.07519094
10.07519094
10.07519094
10.07519094
10.07816618
10.07816618
10.07890919
10.07890919
10.07915369
10.07915369
10.07915369
10.07915369
10.07915369
10.07915369
10.07915369
10.07915369
10.07915369
10.07915369
10.07915369
10.07915369
10.07951951
10.07951951
10.07951951
10.07951951
10.07951951
10.07951951
10.07951951
10.07951951
10.07951951
10.07850245
10.07841648
10.07841648
10.07850245
10.07850245
10.07850245
10.07850245
10.07718134
10.07646875
10.07718581
10.07548366
10.07548366
10.07306639
10.07432048
10.07344591
10.07344591
10.07344591
10.07344591
10.07344591
10.07344591
10.07407275
10.07407275
10.07407275
10.07271824
10.07271824
10.07271824
10.07289058
10.07289058
10.07103219
10.07103219
10.07103219
10.07087902
10.07087902
10.07087902
10.07087902
10.07087902
10.07087902
10.07087902
10.07087902
10.07087902
10.07087902
10.07087902
10.07087902
10.07087902
10.07087902
10.07087902
10.07065309
10.07065309
10.07065309
10.07065309
10.07065309
10.07065309
10.07065309
10.07065309
10.07065309
10.07063319
10.07063319
10.07088988
10.07103219
10.07059604
10.07059604
10.07059604
10.07059604
10.07059604
10.07059604
10.07059604
10.07026306
10.07026306
10.07026306
10.07026306
10.07059604
10.07029479
10.07029479
10.07005939
10.07005939
10.07029479
10.07029479
10.07029479
10.07029479
10.07029479
10.07071606
10.07071606
10.07046999
10.07046999
10.07043544
10.07043544
10.07043544
10.07043544
10.07057743
10.07058866
10.07038307
10.07038307
10.07036755
10.07030330
10.07030330
10.07030330
10.07030330
10.07030330
10.07030722
10.07030722
10.07030722
10.07030722
10.07030722
10.07030722
10.07030722
10.07032104
10.07032104
10.07032104
10.07043570
10.07024229
10.07020086
10.07020086
10.07020086
10.07020086
10.07020086
10.07020086
10.07016221
10.07016221
10.07016221
10.07016221
10.07016221
10.07016221
10.07016221
10.07016221
10.07020086
10.07037103
10.07037103
10.07037103
10.07037103
10.07041410
10.07041410
10.07015670
10.07015670
10.07015670
10.07015670
10.07015670
10.07015670
10.07015670
10.07015670
10.07015670
10.07046953
10.07046953
10.07046953
10.07086447
10.07086447
10.07086447
10.07086447
10.07086447
10.07086447
10.07086447
10.07031382
10.07031382
10.07031382
10.07013490
10.06974132
10.06964528
10.06960798
10.06960798
10.06960798
10.06960798
10.06963693
10.06963693
10.06963693
10.06963693
10.06963693
10.06963693
10.06963693
10.06963693
10.06963693
10.06963693
10.06963693
10.06963693
10.06963693
10.06963693
10.06963693
10.06963693
10.06968357
10.06968357
10.06968357
10.06968357
10.06968357
10.06968357
10.06971770
10.06971770
10.06971770
10.06971770
10.06971770
10.06964934
10.06964934
10.06964934
10.06964934
10.06952389
10.06952389
10.06952389
10.06952389
10.06952389
10.06952389
10.06952389
10.06952389
10.06952389
10.06950909
10.06950909
10.06950546
10.06950546
10.06950546
10.06950546
10.06948188
10.06948188
10.06948188
10.06948188
10.06948188
10.06948188
10.06948188
10.06948188
10.06948188
10.06948188
10.06948188
10.06948188
10.06940552
10.06940552
10.06943807
10.06943093
10.06943093
10.06943093
10.06943093
10.06943093
10.06943093
10.06943093
10.06942696
10.06942696
10.06942696
10.06942696
10.06943093
10.06943093
10.06943093
10.06943093
10.06943093
10.06943093
10.06945601
10.06943201
10.06943201
10.06939788
10.06940860
10.06940860
10.06940860
10.06938683
10.06938683
10.06938683
10.06938683
10.06938683
10.06938683
10.06938683
10.06938683
10.06938683
10.06937976
10.06937976
10.06937976
10.06937976
10.06937976
10.06937976
10.06937976
10.06937976
10.06937976
10.06937976
10.06937976
10.06937976
10.06937976
10.06937976
10.06937976
10.06937976
10.06937976
10.06937976
10.06937976
10.06938237
10.06938237
10.06938237
10.06938237
10.06938237
10.06938237
10.06938237
10.06938237
10.06938237
10.06953640
10.06953640
10.06953640
10.06953640
10.06953640
10.06953640
10.06953640
10.06996753
10.06996753
10.06996753
10.06996753
10.06996753
10.07001650
10.07001650
10.07001650
10.07001650
10.07001650
10.07006141
10.07006141
10.07006141
10.07006141
10.07006141
10.07006141
10.07006141
10.07006141
10.07006141
10.07006141
10.07006141
10.07006141
10.07006141
10.07006141
10.07006141
10.07011176
10.07011176
10.07011176
10.07011176
10.07011176
10.07011176
10.07011176
10.07011176
10.07011176
10.07011320
10.07011320
10.07011320
10.07011320
10.07011320
10.07011320
10.07067311
10.07058057
10.07037781
10.07037781
10.07037781
10.07037781
10.07037781
10.07037781
10.07035001
10.07035001
10.07035001
10.07035001
10.07035001
10.07035001
10.07035001
10.07035001
10.07035001
10.07047999
10.07047999
10.07047999
10.07047999
10.07047999
10.07047999
10.07047999
10.07047999
10.07047999
10.07047999
10.07040068
10.07040068
10.07040068
10.07039132
10.07039132
10.07039132
10.07039132
10.07039132
10.07039132
10.07039132
10.07039132
10.07039132
10.07040070
10.07040070
10.07040070
10.07040070
10.07040070
10.07040070
10.07040070
10.07040070
10.07040070
10.07040070
10.07040070
10.07040070
10.07040070
10.07007497
10.07007497
10.07007497
10.07011065
10.07011065
10.07005761
10.07005687
10.07005687
10.07005687
10.07005687
10.07005687
10.07005687
10.07005687
10.06964445
10.06964445
10.06932790
10.06932790
10.06932790
10.06932790
10.06930001
10.06930001
10.06930001
10.06930001
10.06930001
10.06932790
10.06932790
10.06932790
10.06932790
10.06932790
10.06932790
10.06932790
10.06932790
10.06927821
114.87664518
114.87664518
112.13384391
99.21168939
99.21168939
99.05873024
99.05873024
98.98590061
98.98590061
98.98590061
98.98590061
97.40630504
97.40630504
97.40630504
97.40630504
94.61625201
73.14726580
73.14726580
69.03239885
66.01132320
48.94692804
47.46058687
47.46058687
47.46058687
47.46058687
47.46058687
47.35725580
47.00006762
46.98036645
46.98036645
46.80880457
46.79832579
46.66779842
46.66779842
45.34628570
45.34628570
42.29562455
41.84561029
42.29562455
40.36487225
30.06561339
32.47809064
32.47809064
28.73811193
29.78907813
29.78907813
29.78907813
29.78907813
29.78907813
29.78907813
29.78907813
29.78907813
28.10961575
28.10961575
28.10961575
28.10961575
28.10961575
28.10961575
28.53050113
28.53050113
28.53050113
28.53050113
28.53050113
28.53050113
28.53050113
28.53050113
28.53050113
28.53050113
28.24529270
28.24529270
28.24529270
28.24529270
28.24529270
28.24529270
28.24529270
28.24529270
28.24529270
28.24529270
28.24529270
27.98913091
27.98913091
27.12232608
25.96723239
25.96723239
25.96723239
25.96723239
26.31592891
26.31592891
26.31592891
26.31592891
26.31592891
26.55348912
23.36763416
23.36763416
13.46767519
13.46767519
12.28845843
12.28845843
12.28845843
12.28845843
12.28845843
12.28845843
10.56516734
10.56516734
10.56516734
11.94886869
11.94886869
11.74622372
10.83227306
10.83227306
10.83227306
10.83227306
10.83227306
10.83227306
11.22586243
11.22586243
11.22586243
11.22586243
11.22586243
11.22586243
10.51544436
10.51544436
10.48447863
10.48447863
10.32375530
10.32375530
10.32375530
10.27253687
10.27253687
10.27253687
9.82861012
9.82861012
9.98535229
9.98535229
9.98535229
9.98535229
9.98535229
9.98535229
10.03007627
10.03007627
9.84935117
9.84935117
10.01633993
5.38213617
5.38213617
